<?xml version="1.0" encoding="utf-8"?>
<SimscapeMultibodyImportXML xmlns="urn:mathworks:SimscapeMultibody:import" xmlns:xsi="http://www.w3.org/2001/XMLSchema-instance" version="2.0">
   <Created by="Steve Miller" from="Onshape" on="11/24/16||09:40:47" using="Simscape Multibody Exporter"/>
   <ModelUnits length="inch" mass="lbm"/>
   <DataUnits length="meter" mass="kilogram"/>
   <RootAssembly name="backhoe_arm" uid="2f964c14ab412c2dbfb429fc" version="w-3a87e785319f8230149ff9b6">
      <InstanceTree>
         <Instance entityUid="JFn*:*be4fef506d6a756cece737c0" name="Bucket_Tooth4 &lt;1&gt;" uid="Mz9QUwew3SHczEvc3">
            <Transform>
               <Rotation>0.000454850 0.000000000 0.999999897 0.000000000 1.000000000 -0.000000000 -0.999999897 0.000000000 0.000454850 </Rotation>
               <Translation>0.948075995 -0.001731080 5.107580682 </Translation>
            </Transform>
         </Instance>
         <Instance entityUid="JF3*:*be4fef506d6a756cece737c0" name="Bucket_BracketAL &lt;1&gt;" uid="MtPYaVyY3Ox2oHH5p">
            <Transform>
               <Rotation>0.000454850 0.000000000 0.999999897 0.000000000 1.000000000 -0.000000000 -0.999999897 0.000000000 0.000454850 </Rotation>
               <Translation>0.948075995 -0.001731080 5.107580682 </Translation>
            </Transform>
         </Instance>
         <Instance entityUid="KFnB*:*be4fef506d6a756cece737c0" name="Pin_boom_stick &lt;1&gt;" uid="M5vQoPOtOxsTYD9Xs">
            <Transform>
               <Rotation>0.888701480 -0.000000000 -0.458486292 0.000000000 1.000000000 0.000000000 0.458486292 -0.000000000 0.888701480 </Rotation>
               <Translation>0.118500701 -0.000000000 -0.298075160 </Translation>
            </Transform>
         </Instance>
         <Instance entityUid="JFH*:*be4fef506d6a756cece737c0" name="Boom &lt;1&gt;" uid="MZKAGZS4unX9pnHzM">
            <Transform>
               <Rotation>0.888701480 -0.000000000 -0.458486292 0.000000000 1.000000000 0.000000000 0.458486292 -0.000000000 0.888701480 </Rotation>
               <Translation>0.118500701 -0.000000000 -0.298075160 </Translation>
            </Transform>
         </Instance>
         <Instance entityUid="KFHC*:*be4fef506d6a756cece737c0" name="Pin_stick_cylinderRodStick &lt;1&gt;" uid="MiLnvMqFtoJcrjmrw">
            <Transform>
               <Rotation>0.881220467 -0.000000000 0.472705498 0.000000000 1.000000000 0.000000000 -0.472705498 -0.000000000 0.881220467 </Rotation>
               <Translation>-1.992369211 0.000000000 1.867030550 </Translation>
            </Transform>
         </Instance>
         <Instance entityUid="KFLC*:*be4fef506d6a756cece737c0" name="Pin_stick_bucket &lt;1&gt;" uid="MAs2nDppWsw2c26eJ">
            <Transform>
               <Rotation>0.000454850 0.000000000 0.999999897 0.000000000 1.000000000 -0.000000000 -0.999999897 0.000000000 0.000454850 </Rotation>
               <Translation>0.948075995 -0.001731080 5.107580682 </Translation>
            </Transform>
         </Instance>
         <Instance entityUid="JFT*:*be4fef506d6a756cece737c0" name="Bucket_FaceR &lt;1&gt;" uid="MmZ2U1qcPeJ3453qX">
            <Transform>
               <Rotation>0.000454850 0.000000000 0.999999897 0.000000000 1.000000000 -0.000000000 -0.999999897 0.000000000 0.000454850 </Rotation>
               <Translation>0.948075995 -0.001731080 5.107580682 </Translation>
            </Transform>
         </Instance>
         <Instance entityUid="KFHB*:*be4fef506d6a756cece737c0" name="CrankC &lt;1&gt;" uid="MLCFjkL3e9iqn0RXK">
            <Transform>
               <Rotation>0.000454850 0.000000000 0.999999897 0.000000000 1.000000000 -0.000000000 -0.999999897 0.000000000 0.000454850 </Rotation>
               <Translation>0.948075995 -0.001731080 5.107580682 </Translation>
            </Transform>
         </Instance>
         <Instance entityUid="KFrB*:*be4fef506d6a756cece737c0" name="Pin_stick_crankA &lt;1&gt;" uid="MX2Mn9lrIiNQIifrf">
            <Transform>
               <Rotation>0.190960715 -0.000000000 0.981597680 0.000000000 1.000000000 0.000000000 -0.981597680 0.000000000 0.190960715 </Rotation>
               <Translation>-0.002220866 -0.000276160 4.776931696 </Translation>
            </Transform>
         </Instance>
         <Instance entityUid="JFX*:*be4fef506d6a756cece737c0" name="Bucket_FaceL &lt;1&gt;" uid="M6iIC5d4YNSExDuar">
            <Transform>
               <Rotation>0.000454850 0.000000000 0.999999897 0.000000000 1.000000000 -0.000000000 -0.999999897 0.000000000 0.000454850 </Rotation>
               <Translation>0.948075995 -0.001731080 5.107580682 </Translation>
            </Transform>
         </Instance>
         <Instance entityUid="KFDC*:*be4fef506d6a756cece737c0" name="Pin_boom_cylinderStick &lt;1&gt;" uid="MwQaXQLoWP49Az8nX">
            <Transform>
               <Rotation>0.888701480 -0.000000000 -0.458486292 0.000000000 1.000000000 0.000000000 0.458486292 -0.000000000 0.888701480 </Rotation>
               <Translation>0.118500701 -0.000000000 -0.298075160 </Translation>
            </Transform>
         </Instance>
         <Instance entityUid="JFP*:*be4fef506d6a756cece737c0" name="Bucket_Scoop &lt;1&gt;" uid="M0LIPxYLX8jsBoO+a">
            <Transform>
               <Rotation>0.000454850 0.000000000 0.999999897 0.000000000 1.000000000 -0.000000000 -0.999999897 0.000000000 0.000454850 </Rotation>
               <Translation>0.948075995 -0.001731080 5.107580682 </Translation>
            </Transform>
         </Instance>
         <Instance entityUid="JFj*:*be4fef506d6a756cece737c0" name="Bucket_Tooth3 &lt;1&gt;" uid="MdLbjyLKqNDcVthIX">
            <Transform>
               <Rotation>0.000454850 0.000000000 0.999999897 0.000000000 1.000000000 -0.000000000 -0.999999897 0.000000000 0.000454850 </Rotation>
               <Translation>0.948075995 -0.001731080 5.107580682 </Translation>
            </Transform>
         </Instance>
         <Instance entityUid="KFPB*:*be4fef506d6a756cece737c0" name="CylinderRodBoom &lt;1&gt;" uid="MkJNrjKzR/u/Upqs1">
            <Transform>
               <Rotation>0.849600422 0.000000000 -0.527426888 0.000000000 1.000000000 0.000000000 0.527426888 0.000000000 0.849600422 </Rotation>
               <Translation>0.293083647 0.000098640 -0.330721212 </Translation>
            </Transform>
         </Instance>
         <Instance entityUid="KFXB*:*be4fef506d6a756cece737c0" name="CylinderRodStick &lt;1&gt;" uid="M1X9CKvYSbqOpUfrT">
            <Transform>
               <Rotation>0.938166765 -0.000000000 -0.346183652 0.000000000 1.000000000 -0.000000000 0.346183652 0.000000000 0.938166765 </Rotation>
               <Translation>-0.073305825 0.003494140 0.107540892 </Translation>
            </Transform>
         </Instance>
         <Instance entityUid="JFv*:*be4fef506d6a756cece737c0" name="Bucket_BracketBR &lt;1&gt;" uid="M4d34VWpzGE/PQKwT">
            <Transform>
               <Rotation>0.000454850 0.000000000 0.999999897 0.000000000 1.000000000 -0.000000000 -0.999999897 0.000000000 0.000454850 </Rotation>
               <Translation>0.948075995 -0.001731080 5.107580682 </Translation>
            </Transform>
         </Instance>
         <Instance entityUid="KFDB*:*be4fef506d6a756cece737c0" name="CrankB &lt;1&gt;" uid="MloAl/lV4HSrwsJKF">
            <Transform>
               <Rotation>0.393128110 -0.000000000 0.919483708 0.000000000 1.000000000 -0.000000000 -0.919483708 0.000000000 0.393128110 </Rotation>
               <Translation>-0.714113244 -0.001731080 4.142018903 </Translation>
            </Transform>
         </Instance>
         <Instance entityUid="JFb*:*be4fef506d6a756cece737c0" name="Bucket_Tooth1 &lt;1&gt;" uid="MrxRYQOyvFv6Qmnhr">
            <Transform>
               <Rotation>0.000454850 0.000000000 0.999999897 0.000000000 1.000000000 -0.000000000 -0.999999897 0.000000000 0.000454850 </Rotation>
               <Translation>0.948075995 -0.001731080 5.107580682 </Translation>
            </Transform>
         </Instance>
         <Instance entityUid="JFL*:*be4fef506d6a756cece737c0" name="Stick &lt;1&gt;" uid="MQjeBaqykn3G2VkAY">
            <Transform>
               <Rotation>0.881220467 -0.000000000 0.472705498 0.000000000 1.000000000 0.000000000 -0.472705498 -0.000000000 0.881220467 </Rotation>
               <Translation>-1.992369211 0.000000000 1.867030550 </Translation>
            </Transform>
         </Instance>
         <Instance entityUid="KFzB*:*be4fef506d6a756cece737c0" name="Pin_crankB_crankC &lt;1&gt;" uid="MauNgpp3mXv7jYLJ0">
            <Transform>
               <Rotation>0.000454850 0.000000000 0.999999897 0.000000000 1.000000000 -0.000000000 -0.999999897 0.000000000 0.000454850 </Rotation>
               <Translation>0.948075995 -0.001731080 5.107580682 </Translation>
            </Transform>
         </Instance>
         <Instance entityUid="JF/*:*be4fef506d6a756cece737c0" name="CrankAL &lt;1&gt;" uid="MgbTkoSb7PIEogLXM">
            <Transform>
               <Rotation>0.190960715 -0.000000000 0.981597680 0.000000000 1.000000000 0.000000000 -0.981597680 0.000000000 0.190960715 </Rotation>
               <Translation>-0.002220866 -0.000276160 4.776931696 </Translation>
            </Transform>
         </Instance>
         <Instance entityUid="KF/B*:*be4fef506d6a756cece737c0" name="Pin_boom_cylinderRodBoom &lt;1&gt;" uid="Mu//u7bUtMk4gYMqB">
            <Transform>
               <Rotation>0.888701480 -0.000000000 -0.458486292 0.000000000 1.000000000 0.000000000 0.458486292 -0.000000000 0.888701480 </Rotation>
               <Translation>0.118500701 -0.000000000 -0.298075160 </Translation>
            </Transform>
         </Instance>
         <Instance entityUid="KFPC*:*be4fef506d6a756cece737c0" name="Pin_swingTower_cylinderBoom &lt;1&gt;" uid="MkVykkdkCmHhgDT1E">
            <Transform>
               <Rotation>1.000000000 0.000000000 0.000000000 0.000000000 1.000000000 0.000000000 0.000000000 0.000000000 1.000000000 </Rotation>
               <Translation>0.000000000 0.000000000 0.000000000 </Translation>
            </Transform>
         </Instance>
         <Instance entityUid="KFvB*:*be4fef506d6a756cece737c0" name="Pin_crankA_crankB &lt;1&gt;" uid="Mngqgpm2Sh2haGvV1">
            <Transform>
               <Rotation>0.190960715 -0.000000000 0.981597680 0.000000000 1.000000000 0.000000000 -0.981597680 0.000000000 0.190960715 </Rotation>
               <Translation>-0.002220866 -0.000276160 4.776931696 </Translation>
            </Transform>
         </Instance>
         <Instance entityUid="JFD*:*be4fef506d6a756cece737c0" grounded="true" name="Swing_Tower &lt;1&gt;" uid="MD0IpMZGDvRpokGkY">
            <Transform>
               <Rotation>1.000000000 0.000000000 0.000000000 0.000000000 1.000000000 0.000000000 0.000000000 0.000000000 1.000000000 </Rotation>
               <Translation>0.000000000 0.000000000 0.000000000 </Translation>
            </Transform>
         </Instance>
         <Instance entityUid="KFTB*:*be4fef506d6a756cece737c0" name="CylinderStick &lt;1&gt;" uid="MZFy41H7edalmxD9H">
            <Transform>
               <Rotation>0.938166765 -0.000000000 -0.346183652 0.000000000 1.000000000 -0.000000000 0.346183652 0.000000000 0.938166765 </Rotation>
               <Translation>-0.085690622 0.003494140 -0.195337795 </Translation>
            </Transform>
         </Instance>
         <Instance entityUid="JFz*:*be4fef506d6a756cece737c0" name="Bucket_BracketAR &lt;1&gt;" uid="MrR9ABn7gUbgvad9l">
            <Transform>
               <Rotation>0.000454850 0.000000000 0.999999897 0.000000000 1.000000000 -0.000000000 -0.999999897 0.000000000 0.000454850 </Rotation>
               <Translation>0.948075995 -0.001731080 5.107580682 </Translation>
            </Transform>
         </Instance>
         <Instance entityUid="JFf*:*be4fef506d6a756cece737c0" name="Bucket_Tooth2 &lt;1&gt;" uid="M8EmuSqipxj39cgMf">
            <Transform>
               <Rotation>0.000454850 0.000000000 0.999999897 0.000000000 1.000000000 -0.000000000 -0.999999897 0.000000000 0.000454850 </Rotation>
               <Translation>0.948075995 -0.001731080 5.107580682 </Translation>
            </Transform>
         </Instance>
         <Instance entityUid="KFbB*:*be4fef506d6a756cece737c0" name="CylinderBucket &lt;1&gt;" uid="M3dIhTVebmX9XxDTo">
            <Transform>
               <Rotation>0.828716944 -0.000000000 0.559667961 0.000000000 1.000000000 -0.000000000 -0.559667961 0.000000000 0.828716944 </Rotation>
               <Translation>-2.082006122 0.000000000 2.209938496 </Translation>
            </Transform>
         </Instance>
         <Instance entityUid="KFLB*:*be4fef506d6a756cece737c0" name="CylinderBoom &lt;1&gt;" uid="M3axSHSuu1c+qpcDC">
            <Transform>
               <Rotation>0.849600422 0.000000000 -0.527426888 0.000000000 1.000000000 0.000000000 0.527426888 -0.000000000 0.849600422 </Rotation>
               <Translation>0.341536936 0.000190080 -0.096834558 </Translation>
            </Transform>
         </Instance>
         <Instance entityUid="KFfB*:*be4fef506d6a756cece737c0" name="CylinderRodBucket &lt;1&gt;" uid="MTYfWB2Sr4PJvvsmq">
            <Transform>
               <Rotation>0.828716944 -0.000000000 0.559667961 0.000000000 1.000000000 -0.000000000 -0.559667961 0.000000000 0.828716944 </Rotation>
               <Translation>-1.822857150 0.000000000 1.847670096 </Translation>
            </Transform>
         </Instance>
         <Instance entityUid="KF7B*:*be4fef506d6a756cece737c0" name="Pin_stick_cylinderBucket &lt;1&gt;" uid="MRSMcYaelgoLLcuHe">
            <Transform>
               <Rotation>0.881220467 -0.000000000 0.472705498 0.000000000 1.000000000 0.000000000 -0.472705498 -0.000000000 0.881220467 </Rotation>
               <Translation>-1.992369211 0.000000000 1.867030550 </Translation>
            </Transform>
         </Instance>
         <Instance entityUid="KF3B*:*be4fef506d6a756cece737c0" name="Pin_crankC_bucket &lt;1&gt;" uid="MJqfJ1cl9cJB9ZsUv">
            <Transform>
               <Rotation>0.000454850 0.000000000 0.999999897 0.000000000 1.000000000 -0.000000000 -0.999999897 0.000000000 0.000454850 </Rotation>
               <Translation>0.948075995 -0.001731080 5.107580682 </Translation>
            </Transform>
         </Instance>
         <Instance entityUid="KFjB*:*be4fef506d6a756cece737c0" name="Pin_swingTower_boom &lt;1&gt;" uid="MfKlT5LzQIYtwgQk4">
            <Transform>
               <Rotation>1.000000000 0.000000000 0.000000000 0.000000000 1.000000000 0.000000000 0.000000000 0.000000000 1.000000000 </Rotation>
               <Translation>0.000000000 0.000000000 0.000000000 </Translation>
            </Transform>
         </Instance>
         <Instance entityUid="JFr*:*be4fef506d6a756cece737c0" name="Bucket_BracketBL &lt;1&gt;" uid="MTAkSisqXWKledsit">
            <Transform>
               <Rotation>0.000454850 0.000000000 0.999999897 0.000000000 1.000000000 -0.000000000 -0.999999897 0.000000000 0.000454850 </Rotation>
               <Translation>0.948075995 -0.001731080 5.107580682 </Translation>
            </Transform>
         </Instance>
         <Instance entityUid="JF7*:*be4fef506d6a756cece737c0" name="CrankAR &lt;1&gt;" uid="Mx1tKSLqLoqTeId/r">
            <Transform>
               <Rotation>0.190960715 -0.000000000 0.981597680 0.000000000 1.000000000 0.000000000 -0.981597680 0.000000000 0.190960715 </Rotation>
               <Translation>-0.002220866 -0.000276160 4.776931696 </Translation>
            </Transform>
         </Instance>
      </InstanceTree>
      <Constraints/>
      <Joints>
         <Revolute name="RevoluteSwingTowerBoom">
            <BaseFrame>
               <InstancePath>
                  <Uid>MfKlT5LzQIYtwgQk4</Uid>
               </InstancePath>
               <Transform>
                  <Rotation>1.000000000 0.000000000 0.000000000 -0.000000000 0.000000000 1.000000000 0.000000000 -1.000000000 0.000000000 </Rotation>
                  <Translation>0.673200000 0.000000000 0.095040000 </Translation>
               </Transform>
            </BaseFrame>
            <FollowerFrame>
               <InstancePath>
                  <Uid>MZKAGZS4unX9pnHzM</Uid>
               </InstancePath>
               <Transform>
                  <Rotation>1.000000000 0.000000000 -0.000000000 0.000000000 0.000000000 1.000000000 0.000000000 -1.000000000 0.000000000 </Rotation>
                  <Translation>0.673200000 0.000000000 0.095040000 </Translation>
               </Transform>
            </FollowerFrame>
         </Revolute>
         <Revolute name="RevoluteSwingTowerCylinderBoom">
            <BaseFrame>
               <InstancePath>
                  <Uid>M3axSHSuu1c+qpcDC</Uid>
               </InstancePath>
               <Transform>
                  <Rotation>1.000000000 0.000000000 0.000000000 0.000000000 -0.000000000 -1.000000000 0.000000000 1.000000000 -0.000000000 </Rotation>
                  <Translation>0.340560000 0.000000000 0.550440000 </Translation>
               </Transform>
            </BaseFrame>
            <FollowerFrame>
               <InstancePath>
                  <Uid>MkVykkdkCmHhgDT1E</Uid>
               </InstancePath>
               <Transform>
                  <Rotation>1.000000000 0.000000000 -0.000000000 0.000000000 0.000000000 -1.000000000 0.000000000 1.000000000 -0.000000000 </Rotation>
                  <Translation>0.340560000 0.000190080 0.550440000 </Translation>
               </Transform>
            </FollowerFrame>
         </Revolute>
         <Cylindrical name="CylindricalBoomRodBoom">
            <BaseFrame>
               <InstancePath>
                  <Uid>MkJNrjKzR/u/Upqs1</Uid>
               </InstancePath>
               <Transform>
                  <Rotation>1.000000000 0.000000000 -0.000000000 0.000000000 -0.000000000 1.000000000 -0.000000000 -1.000000000 -0.000000000 </Rotation>
                  <Translation>1.444993900 -0.000000000 1.712810189 </Translation>
               </Transform>
            </BaseFrame>
            <FollowerFrame>
               <InstancePath>
                  <Uid>Mu//u7bUtMk4gYMqB</Uid>
               </InstancePath>
               <Transform>
                  <Rotation>1.000000000 0.000000000 -0.000000000 0.000000000 0.000000000 1.000000000 0.000000000 -1.000000000 0.000000000 </Rotation>
                  <Translation>1.444993900 0.000910800 1.712810189 </Translation>
               </Transform>
            </FollowerFrame>
         </Cylindrical>
         <Cylindrical name="CylindricalCylinderBoomRod">
            <BaseFrame>
               <InstancePath>
                  <Uid>M3axSHSuu1c+qpcDC</Uid>
               </InstancePath>
               <Transform>
                  <Rotation>0.724942683 0.000000000 0.688809195 0.000000000 1.000000000 -0.000000000 -0.688809195 0.000000000 0.724942683 </Rotation>
                  <Translation>0.504221065 0.000022860 0.722686381 </Translation>
               </Transform>
            </BaseFrame>
            <FollowerFrame>
               <InstancePath>
                  <Uid>MkJNrjKzR/u/Upqs1</Uid>
               </InstancePath>
               <Transform>
                  <Rotation>0.724942683 0.000000000 0.688809195 -0.000000000 1.000000000 0.000000000 -0.688809195 -0.000000000 0.724942683 </Rotation>
                  <Translation>0.680443246 0.000114300 0.908152809 </Translation>
               </Transform>
            </FollowerFrame>
         </Cylindrical>
         <Revolute name="RevoluteBoomCylinderStick">
            <BaseFrame>
               <InstancePath>
                  <Uid>MwQaXQLoWP49Az8nX</Uid>
               </InstancePath>
               <Transform>
                  <Rotation>1.000000000 0.000000000 -0.000000000 0.000000000 0.000000000 1.000000000 0.000000000 -1.000000000 0.000000000 </Rotation>
                  <Translation>1.436914414 0.003494140 1.185314446 </Translation>
               </Transform>
            </BaseFrame>
            <FollowerFrame>
               <InstancePath>
                  <Uid>MZFy41H7edalmxD9H</Uid>
               </InstancePath>
               <Transform>
                  <Rotation>1.000000000 0.000000000 0.000000000 -0.000000000 0.000000000 1.000000000 -0.000000000 -1.000000000 0.000000000 </Rotation>
                  <Translation>1.436914414 -0.000000000 1.185314446 </Translation>
               </Transform>
            </FollowerFrame>
         </Revolute>
         <Cylindrical name="CylindricalStickRodStick">
            <BaseFrame>
               <InstancePath>
                  <Uid>MiLnvMqFtoJcrjmrw</Uid>
               </InstancePath>
               <Transform>
                  <Rotation>1.000000000 0.000000000 -0.000000000 0.000000000 0.000000000 1.000000000 0.000000000 -1.000000000 0.000000000 </Rotation>
                  <Translation>1.976104671 0.000000000 2.480916045 </Translation>
               </Transform>
            </BaseFrame>
            <FollowerFrame>
               <InstancePath>
                  <Uid>M1X9CKvYSbqOpUfrT</Uid>
               </InstancePath>
               <Transform>
                  <Rotation>1.000000000 0.000000000 -0.000000000 0.000000000 0.000000000 1.000000000 0.000000000 -1.000000000 0.000000000 </Rotation>
                  <Translation>1.976104671 -0.000000000 2.480916045 </Translation>
               </Transform>
            </FollowerFrame>
         </Cylindrical>
         <Cylindrical name="CylindricalCylinderStickRod">
            <BaseFrame>
               <InstancePath>
                  <Uid>MZFy41H7edalmxD9H</Uid>
               </InstancePath>
               <Transform>
                  <Rotation>0.923239702 0.000000000 0.384224481 0.000000000 1.000000000 -0.000000000 -0.384224481 0.000000000 0.923239702 </Rotation>
                  <Translation>1.497775572 -0.000000000 1.331555615 </Translation>
               </Transform>
            </BaseFrame>
            <FollowerFrame>
               <InstancePath>
                  <Uid>M1X9CKvYSbqOpUfrT</Uid>
               </InstancePath>
               <Transform>
                  <Rotation>0.923239702 0.000000000 0.384224481 0.000000000 1.000000000 -0.000000000 -0.384224481 0.000000000 0.923239702 </Rotation>
                  <Translation>1.641368303 -0.000000000 1.676589617 </Translation>
               </Transform>
            </FollowerFrame>
         </Cylindrical>
         <Revolute name="RevoluteBoomStick">
            <BaseFrame>
               <InstancePath>
                  <Uid>M5vQoPOtOxsTYD9Xs</Uid>
               </InstancePath>
               <Transform>
                  <Rotation>1.000000000 0.000000000 -0.000000000 0.000000000 0.000000000 1.000000000 0.000000000 -1.000000000 0.000000000 </Rotation>
                  <Translation>2.306730774 0.000000000 2.285379465 </Translation>
               </Transform>
            </BaseFrame>
            <FollowerFrame>
               <InstancePath>
                  <Uid>MQjeBaqykn3G2VkAY</Uid>
               </InstancePath>
               <Transform>
                  <Rotation>1.000000000 0.000000000 -0.000000000 0.000000000 0.000000000 1.000000000 0.000000000 -1.000000000 0.000000000 </Rotation>
                  <Translation>2.306730774 -0.000000000 2.285379465 </Translation>
               </Transform>
            </FollowerFrame>
         </Revolute>
         <Revolute name="RevoluteStickCylinderBucket">
            <BaseFrame>
               <InstancePath>
                  <Uid>MRSMcYaelgoLLcuHe</Uid>
               </InstancePath>
               <Transform>
                  <Rotation>1.000000000 0.000000000 -0.000000000 0.000000000 0.000000000 1.000000000 0.000000000 -1.000000000 0.000000000 </Rotation>
                  <Translation>2.433728759 0.000000000 2.500116006 </Translation>
               </Transform>
            </BaseFrame>
            <FollowerFrame>
               <InstancePath>
                  <Uid>M3dIhTVebmX9XxDTo</Uid>
               </InstancePath>
               <Transform>
                  <Rotation>1.000000000 0.000000000 -0.000000000 0.000000000 0.000000000 1.000000000 0.000000000 -1.000000000 0.000000000 </Rotation>
                  <Translation>2.433728759 0.000000000 2.500116006 </Translation>
               </Transform>
            </FollowerFrame>
         </Revolute>
         <Revolute name="RevoluteStickCrankA">
            <BaseFrame>
               <InstancePath>
                  <Uid>MX2Mn9lrIiNQIifrf</Uid>
               </InstancePath>
               <Transform>
                  <Rotation>1.000000000 0.000000000 0.000000000 -0.000000000 0.000000000 1.000000000 -0.000000000 -1.000000000 0.000000000 </Rotation>
                  <Translation>3.881465409 0.000276160 1.354060905 </Translation>
               </Transform>
            </BaseFrame>
            <FollowerFrame>
               <InstancePath>
                  <Uid>MQjeBaqykn3G2VkAY</Uid>
               </InstancePath>
               <Transform>
                  <Rotation>1.000000000 0.000000000 -0.000000000 0.000000000 0.000000000 1.000000000 0.000000000 -1.000000000 0.000000000 </Rotation>
                  <Translation>3.881465409 -0.000000000 1.354060905 </Translation>
               </Transform>
            </FollowerFrame>
         </Revolute>
         <Cylindrical name="CylindricalStickRodCrankA">
            <BaseFrame>
               <InstancePath>
                  <Uid>Mngqgpm2Sh2haGvV1</Uid>
               </InstancePath>
               <Transform>
                  <Rotation>1.000000000 0.000000000 0.000000000 -0.000000000 0.000000000 1.000000000 -0.000000000 -1.000000000 0.000000000 </Rotation>
                  <Translation>4.099244306 0.000276160 1.881077043 </Translation>
               </Transform>
            </BaseFrame>
            <FollowerFrame>
               <InstancePath>
                  <Uid>MTYfWB2Sr4PJvvsmq</Uid>
               </InstancePath>
               <Transform>
                  <Rotation>1.000000000 0.000000000 0.000000000 -0.000000000 0.000000000 1.000000000 -0.000000000 -1.000000000 0.000000000 </Rotation>
                  <Translation>4.099244306 0.000000000 1.881077043 </Translation>
               </Transform>
            </FollowerFrame>
         </Cylindrical>
         <Cylindrical name="CylindricalCylinderBucketRod">
            <BaseFrame>
               <InstancePath>
                  <Uid>M3dIhTVebmX9XxDTo</Uid>
               </InstancePath>
               <Transform>
                  <Rotation>0.348393697 0.000000000 0.937348298 -0.000000000 -1.000000000 0.000000000 0.937348298 -0.000000000 -0.348393697 </Rotation>
                  <Translation>2.507966745 0.000000000 2.472523225 </Translation>
               </Transform>
            </BaseFrame>
            <FollowerFrame>
               <InstancePath>
                  <Uid>MTYfWB2Sr4PJvvsmq</Uid>
               </InstancePath>
               <Transform>
                  <Rotation>0.348393697 -0.000000000 0.937348298 -0.000000000 -1.000000000 0.000000000 0.937348298 -0.000000000 -0.348393697 </Rotation>
                  <Translation>2.974066406 -0.000000000 2.299283262 </Translation>
               </Transform>
            </FollowerFrame>
         </Cylindrical>
         <Cylindrical name="CylindricalCrankACrankB">
            <BaseFrame>
               <InstancePath>
                  <Uid>Mngqgpm2Sh2haGvV1</Uid>
               </InstancePath>
               <Transform>
                  <Rotation>1.000000000 0.000000000 0.000000000 -0.000000000 0.000000000 1.000000000 -0.000000000 -1.000000000 0.000000000 </Rotation>
                  <Translation>4.099244306 0.000276160 1.881077043 </Translation>
               </Transform>
            </BaseFrame>
            <FollowerFrame>
               <InstancePath>
                  <Uid>MloAl/lV4HSrwsJKF</Uid>
               </InstancePath>
               <Transform>
                  <Rotation>1.000000000 0.000000000 0.000000000 -0.000000000 -0.000000000 1.000000000 0.000000000 -1.000000000 -0.000000000 </Rotation>
                  <Translation>4.099244306 0.000000000 1.881077043 </Translation>
               </Transform>
            </FollowerFrame>
         </Cylindrical>
         <Revolute name="RevoluteCrankBCrankC">
            <BaseFrame>
               <InstancePath>
                  <Uid>MloAl/lV4HSrwsJKF</Uid>
               </InstancePath>
               <Transform>
                  <Rotation>1.000000000 0.000000000 0.000000000 -0.000000000 -0.000000000 1.000000000 0.000000000 -1.000000000 -0.000000000 </Rotation>
                  <Translation>4.546071004 0.000000000 1.526789646 </Translation>
               </Transform>
            </BaseFrame>
            <FollowerFrame>
               <InstancePath>
                  <Uid>MauNgpp3mXv7jYLJ0</Uid>
               </InstancePath>
               <Transform>
                  <Rotation>1.000000000 0.000000000 0.000000000 -0.000000000 -0.000000000 1.000000000 0.000000000 -1.000000000 -0.000000000 </Rotation>
                  <Translation>4.546071004 0.000000000 1.526789646 </Translation>
               </Transform>
            </FollowerFrame>
         </Revolute>
         <Revolute name="RevoluteStickBucket">
            <BaseFrame>
               <InstancePath>
                  <Uid>MQjeBaqykn3G2VkAY</Uid>
               </InstancePath>
               <Transform>
                  <Rotation>1.000000000 0.000000000 -0.000000000 0.000000000 0.000000000 1.000000000 0.000000000 -1.000000000 0.000000000 </Rotation>
                  <Translation>4.079159367 -0.000000000 1.237142125 </Translation>
               </Transform>
            </BaseFrame>
            <FollowerFrame>
               <InstancePath>
                  <Uid>MAs2nDppWsw2c26eJ</Uid>
               </InstancePath>
               <Transform>
                  <Rotation>1.000000000 0.000000000 -0.000000000 0.000000000 0.000000000 1.000000000 0.000000000 -1.000000000 0.000000000 </Rotation>
                  <Translation>4.079159367 0.001731080 1.237142125 </Translation>
               </Transform>
            </FollowerFrame>
         </Revolute>
         <Weld name="group_root_M_IaTbX0oRfDa8UnT_1">
            <BaseFrame>
               <InstancePath>
                  <Uid>MtPYaVyY3Ox2oHH5p</Uid>
               </InstancePath>
               <Transform>
                  <Rotation>1.000000000 -0.000000000 -0.000000000 -0.000000000 1.000000000 0.000000000 -0.000000000 -0.000000000 1.000000000 </Rotation>
                  <Translation>-0.000000000 0.000000000 0.000000000 </Translation>
               </Transform>
            </BaseFrame>
            <FollowerFrame>
               <InstancePath>
                  <Uid>Mz9QUwew3SHczEvc3</Uid>
               </InstancePath>
               <Transform>
                  <Rotation>1 0 0 0 1 0 0 0 1</Rotation>
                  <Translation>0 0 0</Translation>
               </Transform>
            </FollowerFrame>
         </Weld>
         <Weld name="group_root_M_IaTbX0oRfDa8UnT_2">
            <BaseFrame>
               <InstancePath>
                  <Uid>MAs2nDppWsw2c26eJ</Uid>
               </InstancePath>
               <Transform>
                  <Rotation>1.000000000 -0.000000000 -0.000000000 -0.000000000 1.000000000 0.000000000 -0.000000000 -0.000000000 1.000000000 </Rotation>
                  <Translation>-0.000000000 0.000000000 0.000000000 </Translation>
               </Transform>
            </BaseFrame>
            <FollowerFrame>
               <InstancePath>
                  <Uid>MtPYaVyY3Ox2oHH5p</Uid>
               </InstancePath>
               <Transform>
                  <Rotation>1 0 0 0 1 0 0 0 1</Rotation>
                  <Translation>0 0 0</Translation>
               </Transform>
            </FollowerFrame>
         </Weld>
         <Weld name="group_root_M_IaTbX0oRfDa8UnT_3">
            <BaseFrame>
               <InstancePath>
                  <Uid>MmZ2U1qcPeJ3453qX</Uid>
               </InstancePath>
               <Transform>
                  <Rotation>1.000000000 -0.000000000 -0.000000000 -0.000000000 1.000000000 0.000000000 -0.000000000 -0.000000000 1.000000000 </Rotation>
                  <Translation>-0.000000000 0.000000000 0.000000000 </Translation>
               </Transform>
            </BaseFrame>
            <FollowerFrame>
               <InstancePath>
                  <Uid>MAs2nDppWsw2c26eJ</Uid>
               </InstancePath>
               <Transform>
                  <Rotation>1 0 0 0 1 0 0 0 1</Rotation>
                  <Translation>0 0 0</Translation>
               </Transform>
            </FollowerFrame>
         </Weld>
         <Weld name="group_root_M_IaTbX0oRfDa8UnT_4">
            <BaseFrame>
               <InstancePath>
                  <Uid>MLCFjkL3e9iqn0RXK</Uid>
               </InstancePath>
               <Transform>
                  <Rotation>1.000000000 -0.000000000 -0.000000000 -0.000000000 1.000000000 0.000000000 -0.000000000 -0.000000000 1.000000000 </Rotation>
                  <Translation>-0.000000000 0.000000000 0.000000000 </Translation>
               </Transform>
            </BaseFrame>
            <FollowerFrame>
               <InstancePath>
                  <Uid>MmZ2U1qcPeJ3453qX</Uid>
               </InstancePath>
               <Transform>
                  <Rotation>1 0 0 0 1 0 0 0 1</Rotation>
                  <Translation>0 0 0</Translation>
               </Transform>
            </FollowerFrame>
         </Weld>
         <Weld name="group_root_M_IaTbX0oRfDa8UnT_5">
            <BaseFrame>
               <InstancePath>
                  <Uid>M6iIC5d4YNSExDuar</Uid>
               </InstancePath>
               <Transform>
                  <Rotation>1.000000000 -0.000000000 -0.000000000 -0.000000000 1.000000000 0.000000000 -0.000000000 -0.000000000 1.000000000 </Rotation>
                  <Translation>-0.000000000 0.000000000 0.000000000 </Translation>
               </Transform>
            </BaseFrame>
            <FollowerFrame>
               <InstancePath>
                  <Uid>MLCFjkL3e9iqn0RXK</Uid>
               </InstancePath>
               <Transform>
                  <Rotation>1 0 0 0 1 0 0 0 1</Rotation>
                  <Translation>0 0 0</Translation>
               </Transform>
            </FollowerFrame>
         </Weld>
         <Weld name="group_root_M_IaTbX0oRfDa8UnT_6">
            <BaseFrame>
               <InstancePath>
                  <Uid>M0LIPxYLX8jsBoO+a</Uid>
               </InstancePath>
               <Transform>
                  <Rotation>1.000000000 -0.000000000 -0.000000000 -0.000000000 1.000000000 0.000000000 -0.000000000 -0.000000000 1.000000000 </Rotation>
                  <Translation>-0.000000000 0.000000000 0.000000000 </Translation>
               </Transform>
            </BaseFrame>
            <FollowerFrame>
               <InstancePath>
                  <Uid>M6iIC5d4YNSExDuar</Uid>
               </InstancePath>
               <Transform>
                  <Rotation>1 0 0 0 1 0 0 0 1</Rotation>
                  <Translation>0 0 0</Translation>
               </Transform>
            </FollowerFrame>
         </Weld>
         <Weld name="group_root_M_IaTbX0oRfDa8UnT_7">
            <BaseFrame>
               <InstancePath>
                  <Uid>MdLbjyLKqNDcVthIX</Uid>
               </InstancePath>
               <Transform>
                  <Rotation>1.000000000 -0.000000000 -0.000000000 -0.000000000 1.000000000 0.000000000 -0.000000000 -0.000000000 1.000000000 </Rotation>
                  <Translation>-0.000000000 0.000000000 0.000000000 </Translation>
               </Transform>
            </BaseFrame>
            <FollowerFrame>
               <InstancePath>
                  <Uid>M0LIPxYLX8jsBoO+a</Uid>
               </InstancePath>
               <Transform>
                  <Rotation>1 0 0 0 1 0 0 0 1</Rotation>
                  <Translation>0 0 0</Translation>
               </Transform>
            </FollowerFrame>
         </Weld>
         <Weld name="group_root_M_IaTbX0oRfDa8UnT_8">
            <BaseFrame>
               <InstancePath>
                  <Uid>M4d34VWpzGE/PQKwT</Uid>
               </InstancePath>
               <Transform>
                  <Rotation>1.000000000 -0.000000000 -0.000000000 -0.000000000 1.000000000 0.000000000 -0.000000000 -0.000000000 1.000000000 </Rotation>
                  <Translation>-0.000000000 0.000000000 0.000000000 </Translation>
               </Transform>
            </BaseFrame>
            <FollowerFrame>
               <InstancePath>
                  <Uid>MdLbjyLKqNDcVthIX</Uid>
               </InstancePath>
               <Transform>
                  <Rotation>1 0 0 0 1 0 0 0 1</Rotation>
                  <Translation>0 0 0</Translation>
               </Transform>
            </FollowerFrame>
         </Weld>
         <Weld name="group_root_M_IaTbX0oRfDa8UnT_9">
            <BaseFrame>
               <InstancePath>
                  <Uid>MrxRYQOyvFv6Qmnhr</Uid>
               </InstancePath>
               <Transform>
                  <Rotation>1.000000000 -0.000000000 -0.000000000 -0.000000000 1.000000000 0.000000000 -0.000000000 -0.000000000 1.000000000 </Rotation>
                  <Translation>-0.000000000 0.000000000 0.000000000 </Translation>
               </Transform>
            </BaseFrame>
            <FollowerFrame>
               <InstancePath>
                  <Uid>M4d34VWpzGE/PQKwT</Uid>
               </InstancePath>
               <Transform>
                  <Rotation>1 0 0 0 1 0 0 0 1</Rotation>
                  <Translation>0 0 0</Translation>
               </Transform>
            </FollowerFrame>
         </Weld>
         <Weld name="group_root_M_IaTbX0oRfDa8UnT_10">
            <BaseFrame>
               <InstancePath>
                  <Uid>MauNgpp3mXv7jYLJ0</Uid>
               </InstancePath>
               <Transform>
                  <Rotation>1.000000000 -0.000000000 -0.000000000 -0.000000000 1.000000000 0.000000000 -0.000000000 -0.000000000 1.000000000 </Rotation>
                  <Translation>-0.000000000 0.000000000 0.000000000 </Translation>
               </Transform>
            </BaseFrame>
            <FollowerFrame>
               <InstancePath>
                  <Uid>MrxRYQOyvFv6Qmnhr</Uid>
               </InstancePath>
               <Transform>
                  <Rotation>1 0 0 0 1 0 0 0 1</Rotation>
                  <Translation>0 0 0</Translation>
               </Transform>
            </FollowerFrame>
         </Weld>
         <Weld name="group_root_M_IaTbX0oRfDa8UnT_11">
            <BaseFrame>
               <InstancePath>
                  <Uid>MrR9ABn7gUbgvad9l</Uid>
               </InstancePath>
               <Transform>
                  <Rotation>1.000000000 -0.000000000 -0.000000000 -0.000000000 1.000000000 0.000000000 -0.000000000 -0.000000000 1.000000000 </Rotation>
                  <Translation>-0.000000000 0.000000000 0.000000000 </Translation>
               </Transform>
            </BaseFrame>
            <FollowerFrame>
               <InstancePath>
                  <Uid>MauNgpp3mXv7jYLJ0</Uid>
               </InstancePath>
               <Transform>
                  <Rotation>1 0 0 0 1 0 0 0 1</Rotation>
                  <Translation>0 0 0</Translation>
               </Transform>
            </FollowerFrame>
         </Weld>
         <Weld name="group_root_M_IaTbX0oRfDa8UnT_12">
            <BaseFrame>
               <InstancePath>
                  <Uid>M8EmuSqipxj39cgMf</Uid>
               </InstancePath>
               <Transform>
                  <Rotation>1.000000000 -0.000000000 -0.000000000 -0.000000000 1.000000000 0.000000000 -0.000000000 -0.000000000 1.000000000 </Rotation>
                  <Translation>-0.000000000 0.000000000 0.000000000 </Translation>
